001 0 184 0
001 0 29 0
001 0 31 0
001 0 12 1
001 0 51 1
001 0 102 1
001 0 13 1
001 0 14 1
001 0 15 1
001 0 57 0
001 0 378 0
001 0 859 0
001 0 185 1
001 0 30 1
001 0 37 1
001 0 52 1
001 0 142 1
001 0 195 1
001 0 875 0
001 0 56 1
001 0 66 1
001 0 95 1
001 0 462 1
001 0 497 1
001 0 858 1
001 0 876 1
001 0 879 1
001 0 880 1
001 0 486 0
002 0 12 0
002 0 15 0
002 0 184 0
002 0 858 0
002 0 51 1
002 0 102 1
002 0 202 1
002 0 14 1
002 0 52 1
002 0 380 1
002 0 746 0
002 0 859 0
002 0 948 0
002 0 285 1
002 0 390 1
002 0 391 1
002 0 442 1
002 0 497 1
002 0 643 1
002 0 856 1
002 0 857 1
002 0 877 1
002 0 864 1
002 0 658 1
002 0 486 0
003 0 5 1
003 0 6 1
003 0 90 1
003 0 91 1
003 0 119 1
003 0 144 1
003 0 181 1
003 0 399 1
003 0 485 0
004 0 236 1
004 0 166 1
004 0 488 0
005 0 552 0
005 0 401 1
005 0 1297 1
005 0 1296 0
005 0 488 0
006 0 99 0
006 0 115 1
006 0 257 1
006 0 258 1
006 0 491 0
007 0 20 0
007 0 56 1
007 0 57 1
007 0 58 1
007 0 19 1
007 0 492 0
008 0 48 0
008 0 122 0
008 0 20 1
008 0 58 1
008 0 196 1
008 0 354 0
008 0 360 0
008 0 197 1
008 0 999 1
008 0 1112 1
008 0 1005 0
008 0 492 0
009 0 21 0
009 0 22 0
009 0 550 0
009 0 534 0
010 0 259 0
010 0 405 0
010 0 302 1
010 0 436 1
010 0 437 1
010 0 438 1
010 0 998 1
010 0 1011 1
010 0 493 0
011 0 27 1
011 0 28 1
011 0 262 1
011 0 160 1
011 0 20 1
011 0 263 1
011 0 654 1
011 0 495 0
012 0 86 0
012 0 194 0
012 0 650 0
012 0 649 1
012 0 652 0
012 0 624 0
013 0 64 0
013 0 265 0
013 0 65 1
013 0 311 1
013 0 496 0
014 0 64 0
014 0 65 1
014 0 496 0
015 0 463 0
015 0 462 1
015 0 497 0
016 0 266 0
016 0 106 1
016 0 196 1
016 0 498 0
017 0 106 0
017 0 196 1
017 0 498 0
018 0 196 0
018 0 197 0
018 0 198 0
018 0 498 0
019 0 32 0
019 0 67 0
019 0 164 0
019 0 639 1
019 0 715 1
019 0 716 1
019 0 719 1
019 0 1379 1
019 0 717 1
019 0 499 0
020 0 87 1
020 0 88 1
020 0 104 1
020 0 267 1
020 0 268 1
020 0 269 1
020 0 270 1
020 0 407 1
020 0 408 1
020 0 500 0
021 0 271 0
021 0 16 0
021 0 413 0
021 0 414 1
021 0 502 0
022 0 68 0
022 0 502 0
023 0 900 0
023 0 902 0
023 0 200 0
023 0 201 0
023 0 601 0
023 0 899 1
023 0 903 1
023 0 593 1
023 0 199 1
023 0 594 1
023 0 901 0
023 0 544 0
023 0 597 0
023 0 749 1
023 0 917 1
023 0 919 1
023 0 1333 1
023 0 634 0
023 0 687 0
023 0 698 0
023 0 1290 1
023 0 700 0
023 0 704 0
023 0 705 0
023 0 1109 0
023 0 1112 0
023 0 1141 0
023 0 1197 0
023 0 1256 0
023 0 1259 0
023 0 1272 0
023 0 1289 0
023 0 892 0
024 0 46 0
024 0 47 0
024 0 92 1
024 0 756 0
025 0 213 0
025 0 212 1
025 0 214 1
025 0 215 1
025 0 216 1
025 0 276 1
025 0 277 1
025 0 426 1
025 0 427 1
025 0 511 0
026 0 145 0
026 0 611 0
026 0 376 0
026 0 406 0
026 0 565 0
026 0 1076 0
026 0 511 0
027 0 224 0
027 0 278 1
027 0 428 1
027 0 512 0
028 0 224 1
028 0 279 1
028 0 512 0
029 0 250 0
029 0 514 0
029 0 609 0
029 0 225 1
029 0 793 1
029 0 464 1
029 0 465 1
029 0 612 0
029 0 466 1
029 0 513 0
030 0 225 0
030 0 464 0
030 0 514 0
030 0 466 1
030 0 609 1
030 0 612 1
030 0 793 1
030 0 513 0
031 0 776 1
031 0 751 0
032 0 465 0
032 0 249 1
032 0 777 1
032 0 778 1
032 0 247 1
032 0 250 1
032 0 752 0
033 0 252 1
033 0 431 1
033 0 141 1
033 0 516 0
034 0 252 0
034 0 431 1
034 0 672 1
034 0 714 1
034 0 799 1
034 0 800 1
034 0 516 0
035 0 166 0
035 0 167 0
035 0 132 1
035 0 517 0
036 0 169 0
036 0 168 1
036 0 518 0
037 0 173 0
037 0 188 0
037 0 172 1
037 0 97 1
037 0 121 1
037 0 187 1
037 0 242 1
037 0 409 1
037 0 487 1
037 0 519 0
038 0 24 0
038 0 283 0
038 0 552 0
038 0 272 1
038 0 557 1
038 0 558 1
038 0 553 0
038 0 554 0
038 0 555 0
038 0 556 0
038 0 536 0
039 0 272 0
039 0 555 0
039 0 24 0
039 0 283 0
039 0 552 0
039 0 79 1
039 0 207 1
039 0 418 1
039 0 557 1
039 0 554 0
039 0 556 0
039 0 505 1
039 0 1257 1
039 0 536 0
040 0 24 0
040 0 283 0
040 0 552 0
040 0 272 1
040 0 85 1
040 0 976 1
040 0 557 1
040 0 558 1
040 0 553 0
040 0 554 0
040 0 555 0
040 0 556 0
040 0 536 0
041 0 288 0
041 0 289 0
041 0 433 0
041 0 520 0
042 0 468 0
042 0 467 1
042 0 469 1
042 0 470 1
042 0 775 1
042 0 521 0
043 0 467 0
043 0 468 0
043 0 39 1
043 0 503 1
043 0 775 1
043 0 469 0
043 0 521 0
044 0 302 1
044 0 436 1
044 0 437 1
044 0 524 0
045 0 305 0
045 0 570 0
045 0 308 1
045 0 481 1
045 0 338 1
045 0 1226 1
045 0 1355 1
045 0 1185 1
045 0 629 1
045 0 663 1
045 0 798 1
045 0 572 1
045 0 525 0
046 0 305 0
046 0 338 1
046 0 344 1
046 0 481 1
046 0 84 1
046 0 123 1
046 0 1185 1
046 0 623 1
046 0 570 1
046 0 798 1
046 0 1226 1
046 0 629 1
046 0 663 1
046 0 572 1
046 0 1355 1
046 0 525 0
047 0 304 0
047 0 306 0
047 0 307 0
047 0 305 1
047 0 629 1
047 0 663 1
047 0 308 1
047 0 309 0
047 0 310 0
047 0 570 0
047 0 798 1
047 0 1185 1
047 0 1355 1
047 0 572 0
047 0 525 0
048 0 439 0
048 0 311 1
048 0 316 1
048 0 440 1
048 0 187 1
048 0 314 1
048 0 315 1
048 0 797 1
048 0 798 1
048 0 794 1
048 0 265 1
048 0 526 0
049 0 320 1
049 0 478 1
049 0 527 0
050 0 326 0
050 0 629 0
050 0 21 1
050 0 94 1
050 0 22 1
050 0 306 1
050 0 528 0
051 0 94 0
051 0 23 0
051 0 105 0
051 0 381 0
051 0 192 1
051 0 326 1
051 0 63 1
051 0 494 0
051 0 629 0
051 0 261 1
051 0 528 0
052 0 21 0
052 0 22 0
052 0 306 0
052 0 326 1
052 0 528 0
053 0 296 1
053 0 33 1
053 0 446 1
053 0 447 1
053 0 448 1
053 0 449 1
053 0 208 1
053 0 297 1
053 0 298 1
053 0 299 1
053 0 531 0
054 0 84 0
054 0 24 1
054 0 101 1
054 0 294 1
054 0 628 1
054 0 661 1
054 0 364 1
054 0 365 1
054 0 560 1
054 0 123 0
055 0 16 0
055 0 375 0
055 0 460 0
055 0 378 1
055 0 255 1
055 0 271 1
055 0 376 1
055 0 377 1
055 0 562 0
055 0 502 1
055 0 538 0
056 0 380 0
056 0 749 1
056 0 1339 1
056 0 14 1
056 0 705 1
056 0 779 1
056 0 780 1
056 0 379 1
056 0 643 1
056 0 686 1
056 0 753 0
057 0 380 0
057 0 593 1
057 0 746 1
057 0 914 1
057 0 14 1
057 0 379 1
057 0 705 1
057 0 779 1
057 0 780 1
057 0 704 1
057 0 12 1
057 0 15 1
057 0 857 1
057 0 859 1
057 0 753 0
058 0 788 0
058 0 785 1
058 0 786 1
058 0 787 1
058 0 23 1
058 0 381 1
058 0 382 1
058 0 784 1
058 0 789 1
058 0 754 0
059 0 788 0
059 0 785 1
059 0 786 1
059 0 787 1
059 0 754 0
060 0 475 0
060 0 476 1
060 0 527 1
060 0 320 1
060 0 478 1
060 0 322 0
061 0 565 0
061 0 566 0
061 0 564 1
061 0 1159 1
061 0 661 1
061 0 539 0
062 0 566 0
062 0 567 0
062 0 1084 0
062 0 1078 1
062 0 1081 1
062 0 539 0
063 0 567 0
063 0 564 1
063 0 566 1
063 0 539 0
064 0 390 0
064 0 391 0
064 0 627 0
065 0 2 0
065 0 3 0
065 0 128 0
065 0 180 1
065 0 323 1
065 0 324 1
065 0 418 1
065 0 664 0
065 0 629 0
065 0 393 1
065 0 394 1
065 0 659 1
065 0 4 1
065 0 384 1
065 0 1302 1
065 0 388 0
066 0 664 0
066 0 629 0
066 0 180 1
066 0 659 1
066 0 660 1
066 0 388 0
067 0 2 0
067 0 3 0
067 0 664 0
067 0 629 0
067 0 323 1
067 0 324 1
067 0 393 1
067 0 128 0
067 0 180 0
067 0 394 1
067 0 659 1
067 0 389 1
067 0 4 1
067 0 1302 1
067 0 388 0
068 0 662 0
068 0 101 1
068 0 460 1
068 0 661 1
068 0 62 1
068 0 628 0
069 0 458 0
069 0 570 0
069 0 977 1
069 0 62 1
069 0 336 1
069 0 540 0
070 0 333 0
070 0 568 0
070 0 570 0
070 0 62 0
070 0 101 1
070 0 283 1
070 0 565 1
070 0 24 1
070 0 977 1
070 0 307 1
070 0 540 0
071 0 569 0
071 0 571 0
071 0 1355 0
071 0 101 1
071 0 655 1
071 0 1213 1
071 0 798 1
071 0 572 0
071 0 540 0
072 0 21 0
072 0 324 0
072 0 630 0
072 0 94 1
072 0 664 1
072 0 304 1
072 0 128 1
072 0 323 1
072 0 663 1
072 0 570 1
072 0 494 1
072 0 305 1
072 0 309 1
072 0 571 1
072 0 655 1
072 0 388 1
072 0 62 1
072 0 629 0
073 0 332 0
073 0 572 0
073 0 578 0
073 0 573 1
073 0 574 1
073 0 421 1
073 0 25 1
073 0 317 1
073 0 577 1
073 0 401 0
073 0 625 0
073 0 160 1
073 0 1213 1
073 0 1304 1
073 0 1198 1
073 0 655 1
073 0 1355 1
073 0 68 1
073 0 571 1
073 0 1252 1
073 0 541 0
074 0 576 0
074 0 656 0
074 0 575 1
074 0 317 1
074 0 574 1
074 0 578 1
074 0 541 0
075 0 667 0
075 0 324 1
075 0 378 1
075 0 666 1
075 0 670 1
075 0 630 0
076 0 378 0
076 0 667 0
076 0 324 1
076 0 666 1
076 0 670 1
076 0 1391 1
076 0 329 1
076 0 630 0
077 0 668 0
077 0 666 1
077 0 667 1
077 0 670 1
077 0 329 1
077 0 1391 1
077 0 630 0
078 0 588 0
078 0 589 1
078 0 590 1
078 0 543 0
079 0 597 1
079 0 598 1
079 0 688 1
079 0 708 1
079 0 713 1
079 0 544 0
080 0 594 0
080 0 597 0
080 0 596 1
080 0 598 1
080 0 544 0
081 0 672 0
081 0 799 1
081 0 631 0
082 0 676 0
082 0 677 0
082 0 678 1
082 0 679 1
082 0 205 1
082 0 632 0
083 0 680 0
083 0 681 0
083 0 682 0
083 0 683 0
083 0 633 0
084 0 606 0
084 0 406 0
084 0 608 1
084 0 142 1
084 0 294 1
084 0 354 1
084 0 522 1
084 0 962 1
084 0 1192 1
084 0 1213 1
084 0 873 1
084 0 546 0
085 0 608 0
085 0 406 0
085 0 606 1
085 0 710 1
085 0 546 0
086 0 594 1
086 0 790 1
086 0 755 0
087 0 606 0
087 0 611 0
087 0 562 1
087 0 50 1
087 0 236 1
087 0 609 1
087 0 612 1
087 0 406 1
087 0 547 0
088 0 613 0
088 0 614 0
088 0 615 0
088 0 616 1
088 0 617 1
088 0 618 1
088 0 548 0
089 0 793 0
089 0 794 0
089 0 797 1
089 0 795 1
089 0 796 1
089 0 420 1
089 0 757 0
090 0 794 0
090 0 797 0
090 0 798 0
090 0 793 1
090 0 796 1
090 0 291 1
090 0 800 1
090 0 1187 1
090 0 256 0
090 0 311 1
090 0 335 1
090 0 1364 1
090 0 1367 1
090 0 757 0
091 0 252 0
091 0 801 0
091 0 797 1
091 0 799 1
091 0 800 1
091 0 793 1
091 0 794 1
091 0 1154 1
091 0 672 1
091 0 757 0
092 0 802 0
092 0 803 0
092 0 808 1
092 0 809 1
092 0 811 1
092 0 804 1
092 0 805 1
092 0 806 1
092 0 253 1
092 0 1247 1
092 0 807 1
092 0 810 1
092 0 1243 1
092 0 758 0
093 0 691 1
093 0 635 0
094 0 24 0
094 0 283 1
094 0 294 1
094 0 559 1
094 0 689 1
094 0 690 1
094 0 101 1
094 0 1393 1
094 0 354 1
094 0 1104 1
094 0 1161 1
094 0 1395 1
094 0 635 0
095 0 283 0
095 0 662 1
095 0 635 0
096 0 703 1
096 0 704 1
096 0 705 1
096 0 698 1
096 0 699 1
096 0 700 1
096 0 1289 1
096 0 779 1
096 0 701 1
096 0 702 1
096 0 706 1
096 0 792 1
096 0 1339 1
096 0 637 0
097 0 699 1
097 0 700 1
097 0 701 1
097 0 698 1
097 0 1289 1
097 0 702 1
097 0 703 1
097 0 779 1
097 0 1339 1
097 0 681 1
097 0 637 0
098 0 713 0
098 0 708 1
098 0 709 1
098 0 711 1
098 0 712 1
098 0 638 0
099 0 717 0
099 0 719 0
099 0 1001 1
099 0 1379 1
099 0 639 0
100 0 821 0
100 0 822 0
100 0 824 0
100 0 820 1
100 0 823 1
100 0 825 1
100 0 1122 0
100 0 1051 1
100 0 1121 1
100 0 760 0
101 0 817 0
101 0 818 0
101 0 819 0
101 0 820 1
101 0 825 1
101 0 824 0
101 0 760 0
102 0 728 0
102 0 913 0
102 0 910 1
102 0 911 1
102 0 729 0
103 0 826 1
103 0 828 1
103 0 761 0
104 0 833 1
104 0 834 1
104 0 835 1
104 0 836 1
104 0 837 1
104 0 762 0
105 0 848 1
105 0 844 1
105 0 845 1
105 0 846 1
105 0 847 1
105 0 764 0
106 0 847 0
106 0 846 1
106 0 849 1
106 0 844 1
106 0 845 1
106 0 764 0
107 0 725 0
107 0 728 0
107 0 729 1
107 0 911 1
107 0 720 1
107 0 75 1
107 0 909 1
107 0 640 0
108 0 724 0
108 0 726 0
108 0 727 0
108 0 75 1
108 0 909 1
108 0 720 1
108 0 723 1
108 0 640 0
109 0 860 0
109 0 861 0
109 0 606 1
109 0 980 1
109 0 12 1
109 0 766 0
110 0 862 0
110 0 863 0
110 0 31 1
110 0 1174 1
110 0 766 0
111 0 15 0
111 0 391 0
111 0 864 0
111 0 914 1
111 0 392 1
111 0 627 1
111 0 658 1
111 0 894 0
112 0 731 1
112 0 730 1
112 0 641 0
113 0 746 1
113 0 748 1
113 0 749 1
113 0 265 1
113 0 643 0
114 0 919 0
114 0 916 0
114 0 920 1
114 0 921 1
114 0 895 0
115 0 51 0
115 0 185 0
115 0 878 1
115 0 874 1
115 0 184 0
116 0 922 0
116 0 360 1
116 0 605 1
116 0 927 1
116 0 492 1
116 0 896 0
117 0 360 0
117 0 605 1
117 0 896 0
118 0 923 0
118 0 924 1
118 0 925 1
118 0 896 0
119 0 926 1
119 0 897 0
120 0 829 0
120 0 887 0
120 0 890 0
120 0 885 1
120 0 886 1
120 0 888 1
120 0 889 1
120 0 1146 0
120 0 891 1
120 0 769 0
121 0 885 0
121 0 886 0
121 0 1146 0
121 0 887 0
121 0 888 0
121 0 890 0
121 0 891 0
121 0 769 0
122 0 931 1
122 0 932 0
122 0 934 1
122 0 935 1
122 0 936 0
122 0 937 0
122 0 938 0
122 0 957 1
122 0 1131 1
122 0 898 0
123 0 966 0
123 0 967 1
123 0 941 0
124 0 967 0
124 0 968 0
124 0 964 1
124 0 965 1
124 0 941 0
125 0 969 0
125 0 970 0
125 0 971 0
125 0 187 1
125 0 973 1
125 0 173 1
125 0 974 1
125 0 177 1
125 0 972 0
125 0 174 0
125 0 997 0
125 0 176 1
125 0 409 1
125 0 946 1
125 0 992 1
125 0 994 1
125 0 995 1
125 0 942 0
126 0 974 0
126 0 1326 0
126 0 187 1
126 0 969 1
126 0 970 1
126 0 971 1
126 0 972 1
126 0 973 1
126 0 942 0
127 0 101 0
127 0 164 0
127 0 981 1
127 0 982 1
127 0 983 1
127 0 944 0
128 0 985 1
128 0 990 1
128 0 945 0
129 0 985 0
129 0 987 0
129 0 984 1
129 0 988 1
129 0 989 1
129 0 986 1
129 0 990 1
129 0 945 0
130 0 766 0
130 0 858 1
130 0 859 1
130 0 1008 1
130 0 12 1
130 0 948 0
131 0 1014 0
131 0 1020 0
131 0 1013 1
131 0 1016 1
131 0 1017 1
131 0 1012 1
131 0 1018 1
131 0 1019 1
131 0 950 0
132 0 1014 0
132 0 1013 1
132 0 1015 1
132 0 1016 1
132 0 1012 1
132 0 1018 1
132 0 1019 1
132 0 1017 1
132 0 951 1
132 0 1023 1
132 0 1020 1
132 0 952 1
132 0 1024 1
132 0 1025 1
132 0 1026 1
132 0 950 0
133 0 1020 0
133 0 1018 0
133 0 1019 0
133 0 1024 1
133 0 1012 1
133 0 1016 1
133 0 1022 1
133 0 950 0
134 0 1027 0
134 0 1028 1
134 0 951 0
135 0 1018 0
135 0 1017 1
135 0 1023 1
135 0 1024 1
135 0 1025 1
135 0 1026 1
135 0 950 1
135 0 1016 1
135 0 951 0
136 0 1021 0
136 0 1022 1
136 0 1034 1
136 0 951 0
137 0 1029 0
137 0 1034 1
137 0 951 1
137 0 1021 1
137 0 952 0
138 0 846 0
138 0 1036 0
138 0 953 0
139 0 1031 0
139 0 1032 0
139 0 1035 0
139 0 1037 1
139 0 953 0
140 0 1038 0
140 0 1039 0
140 0 1041 0
140 0 1042 0
140 0 1043 1
140 0 1044 1
140 0 954 0
141 0 1038 0
141 0 1041 0
141 0 1043 0
141 0 1044 0
141 0 1039 1
141 0 1042 1
141 0 954 0
142 0 1042 0
142 0 954 0
143 0 1043 0
143 0 1044 0
143 0 954 0
144 0 840 0
144 0 1045 0
144 0 763 1
144 0 838 1
144 0 839 1
144 0 841 1
144 0 955 0
145 0 763 0
145 0 838 0
145 0 839 0
145 0 1045 1
145 0 743 1
145 0 852 1
145 0 841 0
145 0 955 0
146 0 840 0
146 0 1045 1
146 0 955 0
147 0 889 1
147 0 1046 1
147 0 1048 1
147 0 1047 1
147 0 1049 1
147 0 1051 1
147 0 1050 1
147 0 843 1
147 0 926 1
147 0 822 1
147 0 956 0
148 0 889 0
148 0 1048 0
148 0 1050 0
148 0 1046 1
148 0 1049 1
148 0 843 1
148 0 956 0
149 0 1057 1
149 0 1058 1
149 0 1059 1
149 0 1052 1
149 0 930 1
149 0 931 1
149 0 934 1
149 0 936 1
149 0 937 1
149 0 938 1
149 0 1131 1
149 0 957 0
150 0 1074 1
150 0 1075 1
150 0 1062 0
151 0 687 0
151 0 1076 0
151 0 1074 1
151 0 1075 1
151 0 1077 1
151 0 1062 0
152 0 1076 0
152 0 1077 1
152 0 569 1
152 0 572 1
152 0 687 1
152 0 655 1
152 0 1062 0
153 0 1078 1
153 0 1083 1
153 0 1084 1
153 0 1080 1
153 0 1081 1
153 0 1082 1
153 0 1085 1
153 0 1063 0
154 0 1087 0
154 0 1088 1
154 0 1063 0
155 0 1103 0
155 0 1100 0
155 0 983 1
155 0 1101 1
155 0 1104 1
155 0 1099 1
155 0 1065 0
156 0 983 0
156 0 1102 0
156 0 1097 0
156 0 1100 0
156 0 274 0
156 0 1096 1
156 0 1098 1
156 0 1099 1
156 0 1103 1
156 0 982 1
156 0 1104 0
156 0 553 0
156 0 1101 1
156 0 82 1
156 0 1065 0
157 0 273 0
157 0 1105 0
157 0 1106 0
157 0 93 1
157 0 161 1
157 0 302 1
157 0 122 1
157 0 666 1
157 0 1107 0
157 0 556 0
157 0 25 0
157 0 1011 1
157 0 19 1
157 0 35 1
157 0 1355 1
157 0 372 0
157 0 410 0
157 0 456 0
157 0 36 1
157 0 44 1
157 0 215 1
157 0 626 0
157 0 1151 0
157 0 354 1
157 0 369 1
157 0 370 1
157 0 421 1
157 0 557 1
157 0 605 1
157 0 655 1
157 0 657 1
157 0 689 1
157 0 1307 1
157 0 318 1
157 0 423 1
157 0 1304 1
157 0 160 1
157 0 482 1
157 0 572 1
157 0 1006 0
158 0 302 0
158 0 1011 0
158 0 552 0
158 0 998 1
158 0 1009 1
158 0 1010 1
158 0 273 1
158 0 556 1
158 0 1006 0
159 0 234 1
159 0 1108 1
159 0 1110 1
159 0 1114 1
159 0 1115 1
159 0 1111 1
159 0 1112 1
159 0 231 1
159 0 1066 0
160 0 1134 1
160 0 1137 1
160 0 1138 1
160 0 1135 1
160 0 1136 1
160 0 1071 0
161 0 54 0
161 0 1386 0
161 0 562 1
161 0 336 1
161 0 55 1
161 0 996 1
161 0 489 0
162 0 111 0
162 0 155 0
162 0 460 0
162 0 461 0
162 0 54 1
162 0 562 1
162 0 458 0
162 0 459 0
162 0 489 0
163 0 20 1
163 0 56 1
163 0 57 1
163 0 492 0
164 0 311 0
164 0 415 1
164 0 416 1
164 0 798 1
164 0 316 1
164 0 335 1
164 0 1364 1
164 0 1367 1
164 0 503 0
165 0 71 0
165 0 72 0
165 0 504 0
166 0 40 0
166 0 41 0
166 0 74 0
166 0 207 0
166 0 272 0
166 0 418 0
166 0 170 0
166 0 1264 0
166 0 504 0
167 0 274 0
167 0 82 1
167 0 509 0
168 0 217 0
168 0 774 0
168 0 750 0
169 0 118 0
169 0 157 0
169 0 774 0
169 0 775 0
169 0 750 0
170 0 139 0
170 0 238 0
170 0 239 1
170 0 904 1
170 0 906 1
170 0 672 1
170 0 893 0
171 0 252 0
171 0 431 0
171 0 141 1
171 0 516 0
172 0 320 0
172 0 321 0
172 0 322 1
172 0 476 1
172 0 527 0
173 0 367 0
173 0 451 0
173 0 532 0
174 0 58 0
174 0 411 0
174 0 36 0
174 0 423 1
174 0 482 0
174 0 533 0
175 0 351 0
175 0 966 0
175 0 967 0
175 0 964 1
175 0 965 1
175 0 941 0
176 0 582 0
176 0 583 0
176 0 584 1
176 0 585 1
176 0 978 1
176 0 586 0
176 0 982 0
176 0 542 0
177 0 588 0
177 0 589 0
177 0 592 1
177 0 772 1
177 0 590 1
177 0 543 0
178 0 591 0
178 0 590 1
178 0 588 1
178 0 589 1
178 0 543 0
179 0 680 1
179 0 681 1
179 0 682 1
179 0 683 1
179 0 633 0
180 0 622 0
180 0 619 1
180 0 620 1
180 0 621 1
180 0 617 1
180 0 616 1
180 0 1150 1
180 0 548 0
181 0 973 0
181 0 974 0
181 0 409 0
181 0 997 1
181 0 1061 1
181 0 942 0
182 0 685 0
182 0 686 1
182 0 634 0
183 0 803 0
183 0 808 0
183 0 802 0
183 0 807 1
183 0 811 1
183 0 253 1
183 0 804 1
183 0 805 1
183 0 806 1
183 0 809 0
183 0 810 1
183 0 1243 1
183 0 1247 1
183 0 758 0
184 0 32 1
184 0 67 1
184 0 715 1
184 0 717 1
184 0 716 1
184 0 499 1
184 0 1379 1
184 0 639 0
185 0 858 0
185 0 859 0
185 0 857 0
185 0 1008 1
185 0 856 1
185 0 15 1
185 0 285 1
185 0 894 1
185 0 766 0
185 0 948 0
186 0 1309 1
186 0 1378 1
186 0 923 1
186 0 161 1
186 0 421 1
186 0 1377 1
186 0 924 1
186 0 1062 1
186 0 1074 1
186 0 1379 1
186 0 1380 1
186 0 1075 1
186 0 225 1
186 0 1280 1
186 0 1305 1
186 0 1304 1
186 0 1188 0
187 0 838 1
187 0 839 1
187 0 840 1
187 0 743 1
187 0 842 1
187 0 1045 1
187 0 763 0
188 0 721 0
188 0 722 0
188 0 723 0
188 0 75 1
188 0 909 1
188 0 724 1
188 0 726 1
188 0 725 0
188 0 728 0
188 0 729 0
188 0 911 0
188 0 640 0
189 0 395 0
189 0 866 0
189 0 869 0
189 0 865 1
189 0 868 1
189 0 870 1
189 0 867 1
189 0 872 1
189 0 873 1
189 0 767 0
190 0 15 0
190 0 391 0
190 0 285 0
190 0 390 1
190 0 864 1
190 0 894 0
191 0 914 0
191 0 915 0
191 0 285 0
191 0 857 0
191 0 858 0
191 0 15 1
191 0 391 1
191 0 856 1
191 0 390 1
191 0 1008 1
191 0 948 1
191 0 864 1
191 0 658 1
191 0 894 0
192 0 733 0
192 0 734 0
192 0 735 0
192 0 736 0
192 0 641 0
193 0 730 1
193 0 422 1
193 0 648 1
193 0 731 1
193 0 733 1
193 0 734 1
193 0 1392 1
193 0 735 1
193 0 736 1
193 0 641 0
194 0 739 0
194 0 740 0
194 0 742 0
194 0 744 1
194 0 741 1
194 0 743 0
194 0 642 0
195 0 739 1
195 0 742 1
195 0 743 1
195 0 642 0
196 0 51 0
196 0 185 0
196 0 874 0
196 0 878 1
196 0 879 1
196 0 880 1
196 0 12 1
196 0 875 0
196 0 876 0
196 0 202 1
196 0 746 1
196 0 13 1
196 0 184 0
197 0 881 0
197 0 883 1
197 0 884 1
197 0 768 0
198 0 887 0
198 0 888 0
198 0 889 0
198 0 843 1
198 0 769 0
199 0 1052 0
199 0 1053 0
199 0 1054 0
199 0 1055 0
199 0 1056 0
199 0 1060 0
199 0 743 0
199 0 744 0
199 0 957 0
200 0 1134 0
200 0 1137 0
200 0 1138 0
200 0 1071 0
201 0 552 0
201 0 625 0
201 0 1296 0
201 0 93 1
201 0 1151 1
201 0 401 1
201 0 110 1
201 0 1391 1
201 0 423 1
201 0 541 1
201 0 1295 1
201 0 318 1
201 0 1304 1
201 0 160 1
201 0 369 1
201 0 482 1
201 0 1140 0
202 0 1303 0
202 0 1304 0
202 0 1309 0
202 0 1306 1
202 0 1308 1
202 0 605 1
202 0 602 1
202 0 603 1
202 0 604 1
202 0 1110 0
202 0 1305 1
202 0 1310 1
202 0 48 1
202 0 232 1
202 0 1285 0
203 0 58 1
203 0 1305 1
203 0 1306 1
203 0 602 1
203 0 603 1
203 0 604 1
203 0 1307 1
203 0 1310 1
203 0 19 1
203 0 232 1
203 0 323 1
203 0 688 1
203 0 122 1
203 0 1188 1
203 0 1285 0
204 0 572 0
204 0 1311 0
204 0 63 1
204 0 540 1
204 0 602 1
204 0 603 1
204 0 604 1
204 0 1305 1
204 0 1188 1
204 0 307 1
204 0 1213 1
204 0 655 1
204 0 1355 1
204 0 68 1
204 0 1285 0
205 0 1321 0
205 0 1322 0
205 0 1287 0
206 0 1338 0
206 0 1341 0
206 0 1340 1
206 0 1290 0
207 0 1338 0
207 0 1339 0
207 0 1340 1
207 0 1341 1
207 0 879 1
207 0 1290 0
208 0 163 1
208 0 1344 1
208 0 1345 1
208 0 164 1
208 0 1347 1
208 0 1346 1
208 0 1291 0
209 0 1351 0
209 0 1356 0
209 0 1350 1
209 0 187 1
209 0 487 1
209 0 45 1
209 0 55 1
209 0 316 1
209 0 1383 1
209 0 1385 1
209 0 1106 1
209 0 1228 1
209 0 1292 0
210 0 1171 0
210 0 891 1
210 0 1172 1
210 0 1173 1
210 0 1030 1
210 0 1174 1
210 0 1145 0
211 0 891 0
211 0 1172 0
211 0 1173 1
211 0 1174 1
211 0 763 1
211 0 769 1
211 0 1030 1
211 0 1031 1
211 0 1033 1
211 0 1052 1
211 0 1068 1
211 0 1145 0
212 0 888 0
212 0 889 0
212 0 1178 0
212 0 885 1
212 0 887 1
212 0 886 1
212 0 841 1
212 0 1176 1
212 0 1177 1
212 0 890 1
212 0 769 1
212 0 891 1
212 0 1173 1
212 0 843 1
212 0 1146 0
213 0 888 0
213 0 885 0
213 0 887 0
213 0 889 0
213 0 1178 1
213 0 769 1
213 0 1173 1
213 0 1177 1
213 0 886 1
213 0 890 1
213 0 843 1
213 0 1146 0
214 0 833 1
214 0 1361 1
214 0 1362 1
214 0 1363 1
214 0 1294 0
215 0 37 1
215 0 35 1
215 0 535 0
216 0 156 0
216 0 506 0
217 0 666 0
217 0 667 0
217 0 1258 0
217 0 1394 0
217 0 668 1
217 0 670 1
217 0 1204 1
217 0 1391 1
217 0 1395 0
217 0 1300 1
217 0 37 1
217 0 559 1
217 0 630 1
217 0 1107 1
217 0 1213 1
217 0 1191 0
218 0 24 0
218 0 101 0
218 0 666 1
218 0 667 1
218 0 93 1
218 0 1258 1
218 0 1393 0
218 0 559 1
218 0 630 1
218 0 662 1
218 0 1104 1
218 0 1107 1
218 0 1204 1
218 0 1213 1
218 0 1300 1
218 0 1191 0
219 0 1391 0
219 0 666 0
219 0 667 0
219 0 1258 0
219 0 1078 1
219 0 1080 1
219 0 1081 1
219 0 1394 0
219 0 1395 0
219 0 1214 1
219 0 1198 1
219 0 1204 1
219 0 1300 1
219 0 559 1
219 0 630 1
219 0 662 1
219 0 1107 1
219 0 1213 1
219 0 1191 0
220 0 1383 0
220 0 1385 0
220 0 155 1
220 0 241 1
220 0 1382 1
220 0 1370 1
220 0 1386 1
220 0 111 1
220 0 1384 1
220 0 150 1
220 0 292 1
220 0 458 1
220 0 479 1
220 0 977 1
220 0 376 1
220 0 459 1
220 0 1365 1
220 0 62 1
220 0 1366 1
220 0 1182 0
221 0 155 0
221 0 1383 0
221 0 1385 0
221 0 1382 1
221 0 62 1
221 0 292 1
221 0 241 1
221 0 1370 1
221 0 1384 1
221 0 458 1
221 0 459 1
221 0 461 1
221 0 1386 1
221 0 1365 1
221 0 1366 1
221 0 111 1
221 0 150 1
221 0 479 1
221 0 1182 0
222 0 400 1
222 0 419 1
222 0 1387 1
222 0 412 1
222 0 1392 1
222 0 1398 1
222 0 1397 1
222 0 1400 1
222 0 1399 1
222 0 1396 0
223 0 400 1
223 0 1387 1
223 0 1392 1
223 0 1398 1
223 0 1396 0
224 0 656 1
224 0 1313 1
224 0 1317 1
224 0 1316 1
224 0 1318 1
224 0 1319 1
224 0 1157 1
224 0 1274 1
224 0 1286 0
225 0 1379 0
225 0 1305 0
225 0 1304 0
225 0 40 1
225 0 293 1
225 0 1309 1
225 0 161 1
225 0 421 1
225 0 1377 1
225 0 1378 1
225 0 1381 1
225 0 225 1
225 0 1380 1
225 0 448 1
225 0 449 1
225 0 1124 1
225 0 1280 1
225 0 433 1
225 0 923 1
225 0 924 1
225 0 1062 1
225 0 1074 1
225 0 1075 1
225 0 1213 1
225 0 1188 0
